5.977451171875000000e+02 9.611639840262276266e+03
5.989775390625000000e+02 9.531283987862723734e+03
6.002109375000000000e+02 9.491952122279575633e+03
6.014433593750000000e+02 9.459193525041851899e+03
6.026748046875000000e+02 9.397484313964843750e+03
6.039072265625000000e+02 9.375567391531807516e+03
6.051386718750000000e+02 9.309982535226004984e+03
6.063701171875000000e+02 9.267351867675781250e+03
6.076005859375000000e+02 9.277794154575893117e+03
6.088310546875000000e+02 9.323579825265067484e+03
6.100615234375000000e+02 9.260893092564174367e+03
6.112919921875000000e+02 9.260266680036273101e+03
6.125214843750000000e+02 9.295239868164062500e+03
6.137509765625000000e+02 9.252798845563616851e+03
6.149794921875000000e+02 9.272140337262835601e+03
6.162080078125000000e+02 9.288165527343750000e+03
6.174365234375000000e+02 9.354781956263950633e+03
6.186650390625000000e+02 9.401641828264508149e+03
6.198925781250000000e+02 9.484952654157366851e+03
6.211201171875000000e+02 9.573884216308593750e+03
6.223476562500000000e+02 9.565520812988281250e+03
6.235742187500000000e+02 9.484474007742745016e+03
6.248007812500000000e+02 9.379567391531807516e+03
6.260263671875000000e+02 9.385948922293526266e+03
6.272529296875000000e+02 9.361704031808036234e+03
6.284785156250000000e+02 9.329971688406807516e+03
6.297031250000000000e+02 9.340448887416294383e+03
6.309287109375000000e+02 9.351738324846539399e+03
6.321533203125000000e+02 9.366501944405692484e+03
6.333779296875000000e+02 9.355053179059710601e+03
6.346015625000000000e+02 9.365406250000000000e+03
6.358251953125000000e+02 9.382573651994976899e+03
6.370488281250000000e+02 9.375196297781807516e+03
6.382714843750000000e+02 9.445367466517856883e+03
6.394951171875000000e+02 9.461956089564731883e+03
6.407167968750000000e+02 9.533430149623325633e+03
6.419394531250000000e+02 9.664118600027901266e+03
6.431611328125000000e+02 9.707953238351004984e+03
6.443828125000000000e+02 9.698543160574776266e+03
6.456044921875000000e+02 9.596961957659039399e+03
6.468251953125000000e+02 9.563894539969307516e+03
6.480458984375000000e+02 9.547845014299664399e+03
6.492666015625000000e+02 9.481915727887835601e+03
6.504863281250000000e+02 9.470602844238281250e+03
6.517060546875000000e+02 9.447341631208148101e+03
6.529257812500000000e+02 9.486595659528460601e+03
6.541445312500000000e+02 9.436011448451450633e+03
6.553632812500000000e+02 9.455678536551338766e+03
6.565820312500000000e+02 9.443456699916294383e+03
6.577998046875000000e+02 9.477696498325893117e+03
6.590175781250000000e+02 9.474685869489398101e+03
6.602353515625000000e+02 9.524670976911273101e+03
6.614531250000000000e+02 9.554376377650669383e+03
6.626699218750000000e+02 9.591927036830356883e+03
6.638867187500000000e+02 9.648112496512276266e+03
6.651025390625000000e+02 9.672100080217633149e+03
6.663193359375000000e+02 9.697047982352120016e+03
6.675351562500000000e+02 9.776035757882254984e+03
6.687500000000000000e+02 9.751220145089286234e+03
6.699658203125000000e+02 9.743028381347656250e+03
6.711806640625000000e+02 9.741182137625557516e+03
6.723945312500000000e+02 9.703391418457031250e+03
6.736093750000000000e+02 9.705438851492745016e+03
6.748232421875000000e+02 9.677270159040179351e+03
6.760371093750000000e+02 9.709940368652343750e+03
6.772500000000000000e+02 9.723378374372210601e+03
6.784628906250000000e+02 9.680426339285713766e+03
6.796757812500000000e+02 9.700324820382254984e+03
6.808886718750000000e+02 9.652510306222098734e+03
6.821005859375000000e+02 9.647253618512835601e+03
6.833125000000000000e+02 9.635796168736049367e+03
6.845234375000000000e+02 9.610232212611606883e+03
6.857353515625000000e+02 9.588537449428013133e+03
6.869462890625000000e+02 9.587342433384486867e+03
6.881562500000000000e+02 9.570399780273437500e+03
6.893671875000000000e+02 9.609866149902343750e+03
6.905771484375000000e+02 9.575425083705356883e+03
6.917861328125000000e+02 9.559860726492745016e+03
6.929960937500000000e+02 9.603682137625557516e+03
6.942050781250000000e+02 9.575488246372768117e+03
6.954140625000000000e+02 9.611208923339843750e+03
6.966220703125000000e+02 9.618370012555804351e+03
6.978310546875000000e+02 9.658692112513950633e+03
6.990390625000000000e+02 9.669622759137835601e+03
7.002460937500000000e+02 9.677892499651226899e+03
7.014531250000000000e+02 9.701646048409598734e+03
7.026601562500000000e+02 9.754978166852679351e+03
7.038671875000000000e+02 9.748123979840960601e+03
7.050742187500000000e+02 9.781689200265067484e+03
7.062802734375000000e+02 9.794676147460937500e+03
7.074853515625000000e+02 9.817796273367745016e+03
7.086914062500000000e+02 9.825559151785713766e+03
7.098964843750000000e+02 9.858315011160713766e+03
7.111015625000000000e+02 9.880847176688057516e+03
7.123066406250000000e+02 9.901882001604351899e+03
7.135107421875000000e+02 9.900588710239955617e+03
7.147148437500000000e+02 9.964607421875000000e+03
7.159179687500000000e+02 9.969530055454799367e+03
7.171220703125000000e+02 9.986761640276226899e+03
7.183251953125000000e+02 1.003589278738839312e+04
7.195283203125000000e+02 1.007012544468471060e+04
7.207304687500000000e+02 1.014036451067243252e+04
7.219326171875000000e+02 1.017868638392857065e+04
7.231347656250000000e+02 1.025656996372767935e+04
7.243359375000000000e+02 1.029081607491629438e+04
7.255380859375000000e+02 1.027733993094308062e+04
7.267392578125000000e+02 1.027666899762834873e+04
7.279394531250000000e+02 1.024991673932756748e+04
7.291406250000000000e+02 1.021057091413225498e+04
7.303408203125000000e+02 1.015446247209821377e+04
7.315400390625000000e+02 1.009646822684151812e+04
7.327402343750000000e+02 1.004669865199497690e+04
7.339394531250000000e+02 1.002239562116350498e+04
7.351386718750000000e+02 9.978499328613281250e+03
7.363369140625000000e+02 9.922739850725445649e+03
7.375351562500000000e+02 9.957703465053013133e+03
7.387333984375000000e+02 9.953631949288504984e+03
7.399316406250000000e+02 9.934573721749442484e+03
7.411289062500000000e+02 9.977623570033481883e+03
7.423261718750000000e+02 1.000470306396484375e+04
7.435234375000000000e+02 9.994463413783481883e+03
7.447197265625000000e+02 1.000028419712611685e+04
7.459160156250000000e+02 9.981724199567523101e+03
7.471123046875000000e+02 1.006660501534598188e+04
7.483085937500000000e+02 1.005912506975446377e+04
7.495039062500000000e+02 1.006585907854352627e+04
7.506992187500000000e+02 1.004363214111328125e+04
7.518945312500000000e+02 1.008416665213448687e+04
7.530888671875000000e+02 1.006773289271763315e+04
7.542832031250000000e+02 1.013364675467354937e+04
7.554775390625000000e+02 1.018452575683593750e+04
7.566708984375000000e+02 1.022806633649553623e+04
7.578642578125000000e+02 1.026288028390066938e+04
7.590576171875000000e+02 1.023570877511160688e+04
7.602509765625000000e+02 1.024145026506696377e+04
7.614433593750000000e+02 1.018959048025948687e+04
7.626357421875000000e+02 1.012770325578962002e+04
7.638271484375000000e+02 1.012504219273158560e+04
7.650195312500000000e+02 1.008159431675502310e+04
7.662109375000000000e+02 1.011351316615513315e+04
7.674023437500000000e+02 1.006577812848772373e+04
7.685927734375000000e+02 1.003513395472935190e+04
7.697832031250000000e+02 1.001878620256696377e+04
7.709736328125000000e+02 1.009439132254464312e+04
7.721640625000000000e+02 1.012762804303850498e+04
7.733535156250000000e+02 1.015761958530971060e+04
7.745429687500000000e+02 1.025537141636439810e+04
7.757324218750000000e+02 1.035976161411830435e+04
7.769208984375000000e+02 1.046548509870256748e+04
7.781093750000000000e+02 1.062260040283203125e+04
7.792978515625000000e+02 1.074485963657924185e+04
7.804853515625000000e+02 1.082424951171875000e+04
7.816738281250000000e+02 1.082266462053571377e+04
7.828613281250000000e+02 1.083991078404017935e+04
7.840478515625000000e+02 1.075963842773437500e+04
7.852343750000000000e+02 1.063159474400111685e+04
7.864218750000000000e+02 1.057345036969866123e+04
7.876074218750000000e+02 1.048275611223493252e+04
7.887939453125000000e+02 1.044232237025669565e+04
7.899794921875000000e+02 1.033644763183593750e+04
7.911650390625000000e+02 1.027785694231305752e+04
7.923496093750000000e+02 1.021989817592075815e+04
7.935351562500000000e+02 1.018545058768136187e+04
7.947197265625000000e+02 1.019706705147879438e+04
7.959033203125000000e+02 1.016106171526227627e+04
7.970878906250000000e+02 1.011489681570870562e+04
7.982714843750000000e+02 1.018694226074218750e+04
7.994550781250000000e+02 1.017802950613839312e+04
8.006376953125000000e+02 1.016844859967912998e+04
8.018203125000000000e+02 1.026169352504185190e+04
8.030029296875000000e+02 1.024720590645926313e+04
8.041855468750000000e+02 1.029964564732142935e+04
8.053671875000000000e+02 1.034732714843750000e+04
8.065488281250000000e+02 1.034066667829241123e+04
8.077304687500000000e+02 1.039550280761718750e+04
8.089121093750000000e+02 1.044435552106584873e+04
8.100927734375000000e+02 1.041230793980189810e+04
8.112734375000000000e+02 1.046279316057477627e+04
8.124531250000000000e+02 1.038455318777901812e+04
8.136337890625000000e+02 1.038627593122209873e+04
8.148134765625000000e+02 1.039681188964843750e+04
8.159921875000000000e+02 1.042361835588727627e+04
8.171718750000000000e+02 1.037009722028459873e+04
8.183505859375000000e+02 1.038882277134486685e+04
8.195292968750000000e+02 1.039789375523158560e+04
8.207080078125000000e+02 1.041747269984653940e+04
8.218857421875000000e+02 1.044956346784319248e+04
8.230634765625000000e+02 1.050023570905412998e+04
8.242412109375000000e+02 1.049998094831194248e+04
8.254179687500000000e+02 1.052138536725725498e+04
8.265947265625000000e+02 1.053480557686941938e+04
8.277714843750000000e+02 1.053203013392857065e+04
8.289482421875000000e+02 1.049480860246930752e+04
8.301240234375000000e+02 1.049903635079520063e+04
8.312998046875000000e+02 1.045139946637834873e+04
8.324755859375000000e+02 1.045175530133928623e+04
8.336503906250000000e+02 1.038698392159598188e+04
8.348251953125000000e+02 1.041513441685267935e+04
8.360000000000000000e+02 1.034129372732979937e+04
8.371748046875000000e+02 1.033754291643415127e+04
8.383486328125000000e+02 1.029977184186662998e+04
8.395224609375000000e+02 1.031453108433314810e+04
8.406962890625000000e+02 1.029652818952287998e+04
8.418691406250000000e+02 1.030218299211774502e+04
8.430419921875000000e+02 1.031793447440011187e+04
8.442148437500000000e+02 1.032493151855468750e+04
8.453867187500000000e+02 1.040565826416015625e+04
8.465595703125000000e+02 1.041957631138392935e+04
8.477314453125000000e+02 1.048655961390903940e+04
8.489023437500000000e+02 1.055452446637834873e+04
8.500742187500000000e+02 1.060462573242187500e+04
8.512451171875000000e+02 1.065570084926060190e+04
8.524160156250000000e+02 1.067152138846261187e+04
8.535859375000000000e+02 1.065336621093750000e+04
8.547568359375000000e+02 1.067938105119977627e+04
8.559267578125000000e+02 1.063794000244140625e+04
8.570957031250000000e+02 1.068417409842354937e+04
8.582656250000000000e+02 1.060718068150111685e+04
8.594345703125000000e+02 1.060444062151227627e+04
8.606035156250000000e+02 1.060508695765903940e+04
8.617714843750000000e+02 1.060972226388113813e+04
8.629404296875000000e+02 1.060316284179687500e+04
8.641083984375000000e+02 1.057981896100725498e+04
8.652753906250000000e+02 1.055921902901785688e+04
8.664433593750000000e+02 1.052189072091238813e+04
8.676103515625000000e+02 1.056270547049386187e+04
8.687773437500000000e+02 1.053313703264508877e+04
8.699433593750000000e+02 1.054443890380859375e+04
8.711103515625000000e+02 1.053218416050502310e+04
8.722763671875000000e+02 1.055336117117745562e+04
8.734414062500000000e+02 1.059305752127511187e+04
8.746074218750000000e+02 1.059938767787388315e+04
8.757724609375000000e+02 1.065957837785993252e+04
8.769375000000000000e+02 1.068303198242187500e+04
8.781015625000000000e+02 1.067648900495256748e+04
8.792666015625000000e+02 1.070498706054687500e+04
8.804306640625000000e+02 1.067051418631417437e+04
8.815937500000000000e+02 1.068849271937778940e+04
8.827578125000000000e+02 1.069162048339843750e+04
8.839208984375000000e+02 1.064193593052455435e+04
8.850839843750000000e+02 1.061340637207031250e+04
8.862470703125000000e+02 1.070153803362165127e+04
8.874091796875000000e+02 1.067052205113002310e+04
8.885712890625000000e+02 1.067428234863281250e+04
8.897333984375000000e+02 1.072200517926897373e+04
8.908945312500000000e+02 1.070982904924665127e+04
8.920566406250000000e+02 1.069498131452287998e+04
8.932177734375000000e+02 1.071171666608537998e+04
8.943779296875000000e+02 1.076126575578962002e+04
8.955390625000000000e+02 1.070535306222098188e+04
8.966992187500000000e+02 1.078408141217912998e+04
8.978593750000000000e+02 1.077175314767020063e+04
8.990185546875000000e+02 1.073981465366908560e+04
9.001777343750000000e+02 1.073024336460658560e+04
9.013369140625000000e+02 1.073312444196428623e+04
9.024960937500000000e+02 1.071446609933035688e+04
9.036552734375000000e+02 1.075338072858537998e+04
9.048134765625000000e+02 1.068046772112165127e+04
9.059716796875000000e+02 1.068215932791573687e+04
9.071289062500000000e+02 1.068748536900111685e+04
9.082861328125000000e+02 1.068721667480468750e+04
9.094433593750000000e+02 1.065336162458147373e+04
9.106005859375000000e+02 1.061346271623883877e+04
9.117578125000000000e+02 1.064327803257533560e+04
9.129140625000000000e+02 1.064192354038783560e+04
9.140703125000000000e+02 1.062836263602120562e+04
9.152255859375000000e+02 1.063232028634207563e+04
9.163818359375000000e+02 1.060728764997209873e+04
9.175371093750000000e+02 1.060948994663783560e+04
9.186923828125000000e+02 1.064008962576729937e+04
9.198466796875000000e+02 1.063922578648158560e+04
9.210019531250000000e+02 1.064089765276227627e+04
9.221562500000000000e+02 1.064871738106863813e+04
9.233095703125000000e+02 1.066615718296596060e+04
9.244638671875000000e+02 1.063972433035714312e+04
9.256171875000000000e+02 1.068370944649832563e+04
9.267705078125000000e+02 1.065830365862165127e+04
9.279228515625000000e+02 1.064451558140346060e+04
9.290761718750000000e+02 1.072289270019531250e+04
9.302285156250000000e+02 1.072704858398437500e+04
9.313798828125000000e+02 1.075981913539341440e+04
9.325322265625000000e+02 1.074188206263950815e+04
9.336835937500000000e+02 1.073217617361886187e+04
9.348349609375000000e+02 1.073045629882812500e+04
9.359863281250000000e+02 1.073615443638392935e+04
9.371367187500000000e+02 1.075576553780691938e+04
9.382871093750000000e+02 1.069709728131975498e+04
9.394375000000000000e+02 1.067000252859933062e+04
9.405878906250000000e+02 1.064246350097656250e+04
9.417373046875000000e+02 1.063690932791573687e+04
9.428867187500000000e+02 1.064402270507812500e+04
9.440361328125000000e+02 1.063936168561662998e+04
9.451845703125000000e+02 1.063430243791852627e+04
9.463330078125000000e+02 1.057783684430803623e+04
9.474814453125000000e+02 1.060491532679966440e+04
9.486298828125000000e+02 1.056929418945312500e+04
9.497773437500000000e+02 1.060738051060267935e+04
9.509248046875000000e+02 1.060510678536551313e+04
9.520722656250000000e+02 1.061523801967075815e+04
9.532197265625000000e+02 1.064292673165457563e+04
9.543662109375000000e+02 1.067472884695870562e+04
9.555126953125000000e+02 1.067573917933872690e+04
9.566591796875000000e+02 1.067487713623046875e+04
9.578046875000000000e+02 1.067559775216238813e+04
9.589501953125000000e+02 1.072997691127232065e+04
9.600957031250000000e+02 1.072310784040178623e+04
9.612412109375000000e+02 1.069609395926339312e+04
9.623857421875000000e+02 1.071357346017020063e+04
9.635302734375000000e+02 1.067097041538783560e+04
9.646748046875000000e+02 1.064266028703962002e+04
9.658193359375000000e+02 1.059608789062500000e+04
9.669628906250000000e+02 1.058311149379185190e+04
9.681064453125000000e+02 1.059920859200613813e+04
9.692500000000000000e+02 1.058492565917968750e+04
9.703925781250000000e+02 1.054349012974330435e+04
9.715351562500000000e+02 1.058536520821707563e+04
9.726777343750000000e+02 1.056810450962611685e+04
9.738203125000000000e+02 1.055907058279854937e+04
9.749619140625000000e+02 1.055938904680524502e+04
9.761035156250000000e+02 1.055453893171037998e+04
9.772451171875000000e+02 1.052109300885881748e+04
9.783867187500000000e+02 1.052798004150390625e+04
9.795273437500000000e+02 1.052713025774274502e+04
9.806679687500000000e+02 1.052258941650390625e+04
9.818085937500000000e+02 1.052864631870814810e+04
9.829482421875000000e+02 1.053217177036830435e+04
9.840888671875000000e+02 1.054561583600725498e+04
9.852275390625000000e+02 1.054273623221261187e+04
9.863671875000000000e+02 1.054666260637555752e+04
9.875068359375000000e+02 1.055515375627790127e+04
9.886455078125000000e+02 1.063850102015903940e+04
9.897832031250000000e+02 1.060508632114955435e+04
9.909218750000000000e+02 1.061377504185267935e+04
9.920595703125000000e+02 1.062746999686104937e+04
9.931972656250000000e+02 1.067551278250558062e+04
9.943349609375000000e+02 1.062875935581752310e+04
9.954726562500000000e+02 1.069474555315290127e+04
9.966093750000000000e+02 1.070229851422991123e+04
9.977460937500000000e+02 1.076157870047433062e+04
9.988828125000000000e+02 1.094842980085100498e+04
1.000018554687500000e+03 1.126519172886439810e+04
1.001154296875000000e+03 1.186894347272600498e+04
1.002290039062500000e+03 1.249582563127790127e+04
1.003425781250000000e+03 1.270108860560825815e+04
1.004560546875000000e+03 1.221259054129464312e+04
1.005695312500000000e+03 1.156109624372209873e+04
1.006830078125000000e+03 1.112247288295200815e+04
1.007964843750000000e+03 1.096354062325613813e+04
1.009098632812500000e+03 1.089650751604352627e+04
1.010232421875000000e+03 1.087372944859096060e+04
1.011366210937500000e+03 1.083634398542131748e+04
1.012499023437500000e+03 1.073606506347656250e+04
1.013631835937500000e+03 1.067011523437500000e+04
1.014764648437500000e+03 1.057900136893136187e+04
1.015897460937500000e+03 1.051476790073939810e+04
1.017029296875000000e+03 1.049824127197265625e+04
1.018161132812500000e+03 1.048779305594308062e+04
1.019292968750000000e+03 1.043982405308314810e+04
1.020424804687500000e+03 1.045892939976283560e+04
1.021555664062500000e+03 1.045243747384207563e+04
1.022686523437500000e+03 1.049537558419363813e+04
1.023817382812500000e+03 1.049151456124441938e+04
1.024948242187500000e+03 1.053831195068359375e+04
1.026078125000000000e+03 1.059575362723214312e+04
1.027208007812500000e+03 1.069543361118861685e+04
1.028337890625000000e+03 1.077057719203403940e+04
1.029466796875000000e+03 1.090223461914062500e+04
1.030595703125000000e+03 1.095662968226841440e+04
1.031724609375000000e+03 1.097142881556919565e+04
1.032853515625000000e+03 1.090525709751674185e+04
1.033981445312500000e+03 1.085682521275111685e+04
1.035110351562500000e+03 1.076828383091517935e+04
1.036238281250000000e+03 1.068924911063058062e+04
1.037365234375000000e+03 1.066100313023158560e+04
1.038492187500000000e+03 1.060968498011997690e+04
1.039620117187500000e+03 1.060534790039062500e+04
1.040746093750000000e+03 1.059441673932756748e+04
1.041873046875000000e+03 1.052685645403180752e+04
1.042999023437500000e+03 1.058004621233258877e+04
1.044125000000000000e+03 1.054623389543805752e+04
1.045250976562500000e+03 1.054234870256696377e+04
1.046376953125000000e+03 1.056973097446986685e+04
1.047501953125000000e+03 1.053061006382533560e+04
1.048626953125000000e+03 1.052099414934430752e+04
1.049750976562500000e+03 1.052355215890066938e+04
1.050875976562500000e+03 1.051018575613839312e+04
1.052000000000000000e+03 1.053839465332031250e+04
1.053124023437500000e+03 1.056437604631696377e+04
1.054248046875000000e+03 1.055636762346540127e+04
1.055371093750000000e+03 1.054949318150111685e+04
1.056494140625000000e+03 1.062229213169642935e+04
1.057617187500000000e+03 1.057791279820033560e+04
1.058740234375000000e+03 1.063112445068359375e+04
1.059862304687500000e+03 1.066281805419921875e+04
1.060984375000000000e+03 1.069430460030691938e+04
1.062106445312500000e+03 1.074886367361886187e+04
1.063227539062500000e+03 1.076548431396484375e+04
1.064349609375000000e+03 1.074016683523995562e+04
1.065470703125000000e+03 1.078292061941964312e+04
1.066591796875000000e+03 1.075166707066127310e+04
1.067711914062500000e+03 1.072466932024274502e+04
1.068832031250000000e+03 1.076571500941685190e+04
1.069952148437500000e+03 1.071649414062500000e+04
1.071072265625000000e+03 1.074042236328125000e+04
1.072191406250000000e+03 1.078540320696149502e+04
1.073311523437500000e+03 1.083803380475725498e+04
1.074430664062500000e+03 1.084198313685825815e+04
1.075548828125000000e+03 1.085334565080915127e+04
1.076667968750000000e+03 1.087935634940011187e+04
1.077786132812500000e+03 1.084623567417689810e+04
1.078904296875000000e+03 1.090668506731305752e+04
1.080021484375000000e+03 1.092028344726562500e+04
1.081139648437500000e+03 1.096807482910156250e+04
1.082256835937500000e+03 1.094195674351283560e+04
1.083374023437500000e+03 1.100720714460100498e+04
1.084490234375000000e+03 1.098448288399832563e+04
1.085606445312500000e+03 1.102552922712053623e+04
1.086722656250000000e+03 1.101044807652064810e+04
1.087838867187500000e+03 1.104741322544642935e+04
1.088955078125000000e+03 1.105995140729631748e+04
1.090070312500000000e+03 1.103276994105747690e+04
1.091185546875000000e+03 1.109562253243582563e+04
1.092300781250000000e+03 1.116908590262276812e+04
1.093415039062500000e+03 1.113594881766183062e+04
1.094530273437500000e+03 1.119120153808593750e+04
1.095644531250000000e+03 1.120419090053013315e+04
1.096757812500000000e+03 1.119218470982142935e+04
1.097872070312500000e+03 1.126648967633928623e+04
1.098985351562500000e+03 1.124437424142020063e+04
1.100098632812500000e+03 1.123766604178292437e+04
1.101211914062500000e+03 1.124300195312500000e+04
1.102324218750000000e+03 1.117284466552734375e+04
1.103436523437500000e+03 1.113710954066685190e+04
1.104548828125000000e+03 1.111500870186941938e+04
1.105661132812500000e+03 1.109412137276785688e+04
1.106772460937500000e+03 1.103202744838169565e+04
1.107883789062500000e+03 1.095368203299386187e+04
1.108995117187500000e+03 1.089661288016183062e+04
1.110106445312500000e+03 1.086922799246651812e+04
1.111216796875000000e+03 1.077994218226841440e+04
1.112327148437500000e+03 1.073720830426897373e+04
1.113437500000000000e+03 1.070121793910435190e+04
1.114547851562500000e+03 1.065632598876953125e+04
1.115657226562500000e+03 1.069101746477399502e+04
1.116766601562500000e+03 1.064182417515346060e+04
1.117875976562500000e+03 1.064464764404296875e+04
1.118984375000000000e+03 1.070741094970703125e+04
1.120093750000000000e+03 1.069807936314174185e+04
1.121202148437500000e+03 1.073162394496372690e+04
1.122309570312500000e+03 1.072374379185267935e+04
1.123417968750000000e+03 1.079815995570591440e+04
1.124525390625000000e+03 1.080392239815848188e+04
1.125632812500000000e+03 1.085063211495535688e+04
1.126740234375000000e+03 1.076641108921596060e+04
1.127846679687500000e+03 1.072173583984375000e+04
1.128954101562500000e+03 1.069053569684709873e+04
1.130060546875000000e+03 1.056724933733258877e+04
1.131166015625000000e+03 1.045860227748325815e+04
1.132272460937500000e+03 1.036654425048828125e+04
1.133377929687500000e+03 1.027268973214285688e+04
1.134483398437500000e+03 1.022764976283482065e+04
1.135588867187500000e+03 1.013872231619698687e+04
1.136693359375000000e+03 1.014348076520647373e+04
1.137797851562500000e+03 1.008011418805803623e+04
1.138902343750000000e+03 1.003980564662388315e+04
1.140006835937500000e+03 9.964988429478236867e+03
1.141110351562500000e+03 9.996880214146205617e+03
1.142213867187500000e+03 9.949046029227120016e+03
1.143317382812500000e+03 9.963746643066406250e+03
1.144420898437500000e+03 9.908064862932476899e+03
1.145523437500000000e+03 9.948648202078682516e+03
1.146625976562500000e+03 9.952055908203125000e+03
1.147728515625000000e+03 9.991730119977679351e+03
1.148831054687500000e+03 9.992264883858817484e+03
1.149932617187500000e+03 9.990627546037945649e+03
1.151034179687500000e+03 1.005385415213448687e+04
1.152135742187500000e+03 1.007152001953125000e+04
1.153237304687500000e+03 1.009578726632254438e+04
1.154337890625000000e+03 1.014716035679408560e+04
1.155438476562500000e+03 1.015837166922433062e+04
1.156539062500000000e+03 1.020895547049386187e+04
1.157639648437500000e+03 1.020244548688616123e+04
1.158739257812500000e+03 1.016063425990513315e+04
1.159838867187500000e+03 1.012732025146484375e+04
1.160938476562500000e+03 1.014986853027343750e+04
1.162038085937500000e+03 1.011968838065011187e+04
1.163136718750000000e+03 1.011307143729073687e+04
1.164235351562500000e+03 1.010198188127790127e+04
1.165333984375000000e+03 1.011496340506417437e+04
1.166431640625000000e+03 1.015886963762555752e+04
1.167530273437500000e+03 1.020260716901506748e+04
1.168627929687500000e+03 1.024309329659598188e+04
1.169725585937500000e+03 1.034668160574776812e+04
1.170822265625000000e+03 1.035743466622488813e+04
1.171918945312500000e+03 1.040245626395089312e+04
1.173015625000000000e+03 1.044475100272042437e+04
1.174112304687500000e+03 1.044247343226841440e+04
1.175208984375000000e+03 1.040281991141183062e+04
1.176304687500000000e+03 1.036055011858258877e+04
1.177400390625000000e+03 1.030632397460937500e+04
1.178496093750000000e+03 1.029896289062500000e+04
1.179590820312500000e+03 1.026880636160714312e+04
1.180686523437500000e+03 1.026666926792689810e+04
1.181781250000000000e+03 1.022005809674944248e+04
1.182875976562500000e+03 1.017870269775390625e+04
1.183969726562500000e+03 1.016130834089006748e+04
1.185063476562500000e+03 1.016159312220982065e+04
1.186157226562500000e+03 1.009665544782366123e+04
1.187250976562500000e+03 1.010164035470145063e+04
1.188344726562500000e+03 1.010368307931082563e+04
1.189437500000000000e+03 1.009930867222377310e+04
1.190530273437500000e+03 1.007899841308593750e+04
1.191623046875000000e+03 1.009417690604073687e+04
1.192714843750000000e+03 1.009243906947544565e+04
1.193806640625000000e+03 1.012092482212611685e+04
1.194898437500000000e+03 1.015214331926618252e+04
1.195990234375000000e+03 1.015143538120814810e+04
1.197082031250000000e+03 1.021537604631696377e+04
1.198172851562500000e+03 1.021025582449776812e+04
1.199263671875000000e+03 1.023263045828683062e+04
1.200354492187500000e+03 1.032572297014508877e+04
1.201444335937500000e+03 1.036867940848214312e+04
1.202534179687500000e+03 1.045745204380580435e+04
1.203624023437500000e+03 1.054319700404575815e+04
1.204713867187500000e+03 1.060114774867466440e+04
1.205803710937500000e+03 1.065037460763113813e+04
1.206892578125000000e+03 1.064082756696428623e+04
1.207981445312500000e+03 1.061884679303850498e+04
1.209070312500000000e+03 1.067614295305524502e+04
1.210158203125000000e+03 1.065563693673270063e+04
1.211246093750000000e+03 1.065074282400948687e+04
1.212333984375000000e+03 1.063477124895368252e+04
1.213421875000000000e+03 1.063639313616071377e+04
1.214509765625000000e+03 1.062192717633928623e+04
1.215596679687500000e+03 1.065102177211216440e+04
1.216683593750000000e+03 1.064167540631975498e+04
1.217770507812500000e+03 1.068179662214006748e+04
1.218856445312500000e+03 1.069303438023158560e+04
1.219942382812500000e+03 1.077603050885881748e+04
1.221028320312500000e+03 1.079245993477957563e+04
1.222114257812500000e+03 1.085601852852957563e+04
1.223200195312500000e+03 1.093032355608258877e+04
1.224285156250000000e+03 1.097709701102120562e+04
1.225370117187500000e+03 1.100054135567801313e+04
1.226455078125000000e+03 1.104255709402901812e+04
1.227539062500000000e+03 1.110696089390346060e+04
1.228624023437500000e+03 1.114429864501953125e+04
1.229708007812500000e+03 1.117141352190290127e+04
1.230791015625000000e+03 1.117756297956194248e+04
1.231875000000000000e+03 1.124582053920200815e+04
1.232958007812500000e+03 1.125495826067243252e+04
1.234041015625000000e+03 1.137674814278738813e+04
1.235124023437500000e+03 1.129343838065011187e+04
1.236207031250000000e+03 1.134196038818359375e+04
1.237289062500000000e+03 1.135665163748604937e+04
1.238371093750000000e+03 1.139125197056361685e+04
1.239453125000000000e+03 1.144676674107142935e+04
1.240534179687500000e+03 1.143089452253069248e+04
1.241616210937500000e+03 1.144901055036272373e+04
1.242697265625000000e+03 1.143072562953403940e+04
1.243777343750000000e+03 1.141426370675223188e+04
1.244858398437500000e+03 1.145174300711495562e+04
1.245938476562500000e+03 1.145696811349051313e+04
1.247018554687500000e+03 1.142758743722098188e+04
1.248098632812500000e+03 1.146895069231305752e+04
1.249178710937500000e+03 1.146588772147042437e+04
1.250257812500000000e+03 1.143709805733816938e+04
1.251336914062500000e+03 1.145440221296037998e+04
1.252416015625000000e+03 1.146616829136439810e+04
1.253495117187500000e+03 1.142722059849330435e+04
1.254573242187500000e+03 1.137138314383370562e+04
1.255651367187500000e+03 1.137004865373883877e+04
1.256729492187500000e+03 1.134394931466238813e+04
1.257807617187500000e+03 1.141599455043247690e+04
1.258884765625000000e+03 1.139414223807198687e+04
1.259961914062500000e+03 1.130027532958984375e+04
1.261039062500000000e+03 1.135726259940011187e+04
1.262116210937500000e+03 1.130242715890066938e+04
1.263192382812500000e+03 1.131195316859653940e+04
1.264268554687500000e+03 1.129139033726283560e+04
1.265344726562500000e+03 1.130532552664620562e+04
1.266420898437500000e+03 1.130089594377790127e+04
1.267496093750000000e+03 1.123999812534877310e+04
1.268571289062500000e+03 1.125454234095982065e+04
1.269646484375000000e+03 1.123121439906528940e+04
1.270721679687500000e+03 1.117647603934151812e+04
1.271795898437500000e+03 1.116183394077846060e+04
1.272870117187500000e+03 1.115958803885323687e+04
1.273944335937500000e+03 1.116290998186383877e+04
1.275018554687500000e+03 1.112197355433872690e+04
1.276091796875000000e+03 1.109807981654575815e+04
1.277166015625000000e+03 1.112406488037109375e+04
1.278239257812500000e+03 1.109473846435546875e+04
1.279311523437500000e+03 1.114630392892020063e+04
1.280384765625000000e+03 1.111454443359375000e+04
1.281457031250000000e+03 1.109508047049386187e+04
1.282529296875000000e+03 1.111474014718191938e+04
1.283601562500000000e+03 1.113144387381417437e+04
1.284672851562500000e+03 1.118946026611328125e+04
1.285745117187500000e+03 1.121511928885323687e+04
1.286816406250000000e+03 1.126674625069754438e+04
1.287886718750000000e+03 1.130082952880859375e+04
1.288958007812500000e+03 1.126669015938895063e+04
1.290028320312500000e+03 1.137493481445312500e+04
1.291098632812500000e+03 1.141627011544363813e+04
1.292168945312500000e+03 1.143892331368582563e+04
1.293239257812500000e+03 1.143937253243582563e+04
1.294308593750000000e+03 1.152371672712053623e+04
1.295377929687500000e+03 1.157757944161551313e+04
1.296447265625000000e+03 1.158345936802455435e+04
1.297515625000000000e+03 1.169448266601562500e+04
1.298584960937500000e+03 1.166803656005859375e+04
1.299653320312500000e+03 1.166698665073939810e+04
1.300721679687500000e+03 1.175291648646763315e+04
1.301789062500000000e+03 1.175335098702566938e+04
1.302857421875000000e+03 1.172866807338169565e+04
1.303924804687500000e+03 1.176248852539062500e+04
1.304992187500000000e+03 1.178546023123604937e+04
1.306058593750000000e+03 1.181741158621651812e+04
1.307125976562500000e+03 1.182969052559988813e+04
1.308192382812500000e+03 1.184584218924386187e+04
1.309258789062500000e+03 1.185693124825613813e+04
1.310325195312500000e+03 1.186543128313337002e+04
1.311390625000000000e+03 1.194268193708147373e+04
1.312456054687500000e+03 1.190536069161551313e+04
1.313521484375000000e+03 1.192030256870814810e+04
1.314586914062500000e+03 1.197766502162388315e+04
1.315651367187500000e+03 1.194493423897879438e+04
1.316716796875000000e+03 1.199593118722098188e+04
1.317781250000000000e+03 1.201117362758091440e+04
1.318844726562500000e+03 1.197714619663783560e+04
1.319909179687500000e+03 1.196974296351841440e+04
1.320972656250000000e+03 1.191745976039341440e+04
1.322036132812500000e+03 1.193494444056919565e+04
1.323099609375000000e+03 1.187653639439174185e+04
1.324163085937500000e+03 1.188815720912388315e+04
1.325225585937500000e+03 1.189322128731863813e+04
1.326288085937500000e+03 1.188423050362723188e+04
1.327350585937500000e+03 1.186253498186383877e+04
1.328413085937500000e+03 1.189874844796316938e+04
1.329474609375000000e+03 1.190906066894531250e+04
1.330536132812500000e+03 1.190010043770926313e+04
1.331597656250000000e+03 1.191939492361886187e+04
1.332659179687500000e+03 1.190926443045479937e+04
1.333719726562500000e+03 1.191367299979073687e+04
1.334780273437500000e+03 1.191368699428013315e+04
1.335840820312500000e+03 1.182884620884486685e+04
1.336901367187500000e+03 1.187273519461495562e+04
1.337960937500000000e+03 1.186849448067801313e+04
1.339020507812500000e+03 1.183252179827008877e+04
1.340080078125000000e+03 1.182499749755859375e+04
1.341139648437500000e+03 1.177937710135323687e+04
1.342199218750000000e+03 1.173876115199497690e+04
1.343257812500000000e+03 1.171546592494419565e+04
1.344316406250000000e+03 1.164449405343191938e+04
1.345375000000000000e+03 1.162911855643136187e+04
1.346432617187500000e+03 1.155793847656250000e+04
1.347491210937500000e+03 1.151952519008091440e+04
1.348548828125000000e+03 1.144321680559430752e+04
1.349606445312500000e+03 1.147522453962053623e+04
1.350663085937500000e+03 1.143340863037109375e+04
1.351720703125000000e+03 1.145234980119977627e+04
1.352777343750000000e+03 1.140285626220703125e+04
1.353833984375000000e+03 1.137122549874441938e+04
1.354889648437500000e+03 1.137988974434988813e+04
1.355946289062500000e+03 1.135144185965401812e+04
1.357001953125000000e+03 1.133704814801897373e+04
1.358057617187500000e+03 1.125522440883091440e+04
1.359112304687500000e+03 1.118591312081473188e+04
1.360167968750000000e+03 1.113987579345703125e+04
1.361222656250000000e+03 1.106538321358816938e+04
1.362277343750000000e+03 1.104812874930245562e+04
1.363332031250000000e+03 1.097870758056640625e+04
1.364385742187500000e+03 1.091575168282645063e+04
1.365440429687500000e+03 1.089250010463169565e+04
1.366494140625000000e+03 1.092229132952008877e+04
1.367547851562500000e+03 1.094124663434709873e+04
1.368600585937500000e+03 1.090975660923549185e+04
1.369653320312500000e+03 1.090003585379464312e+04
1.370707031250000000e+03 1.083901214599609375e+04
1.371758789062500000e+03 1.084036258370535688e+04
1.372811523437500000e+03 1.087856581333705435e+04
1.373863281250000000e+03 1.083082747977120562e+04
1.374916015625000000e+03 1.080185494559151812e+04
1.375967773437500000e+03 1.078546207101004438e+04
1.377018554687500000e+03 1.079770620291573687e+04
1.378070312500000000e+03 1.075963828822544565e+04
1.379121093750000000e+03 1.073066040910993252e+04
1.380171875000000000e+03 1.074242658342633877e+04
1.381222656250000000e+03 1.068990527343750000e+04
1.382272460937500000e+03 1.065876906912667437e+04
1.383322265625000000e+03 1.063724482945033560e+04
1.384372070312500000e+03 1.061500278145926313e+04
1.385421875000000000e+03 1.054864603969028940e+04
1.386471679687500000e+03 1.059800869315011187e+04
1.387520507812500000e+03 1.050747160993303623e+04
1.388569335937500000e+03 1.050437324741908560e+04
1.389618164062500000e+03 1.049277450997488813e+04
1.390666992187500000e+03 1.045039717320033560e+04
1.391714843750000000e+03 1.046644984654017935e+04
1.392762695312500000e+03 1.043987254115513315e+04
1.393810546875000000e+03 1.044545371791294565e+04
1.394858398437500000e+03 1.044662525285993252e+04
1.395906250000000000e+03 1.043404778180803623e+04
1.396953125000000000e+03 1.044806079973493252e+04
1.398000000000000000e+03 1.045305379813058062e+04
1.399046875000000000e+03 1.046344855608258877e+04
1.400092773437500000e+03 1.043039672851562500e+04
1.401138671875000000e+03 1.044457524762834873e+04
1.402185546875000000e+03 1.043315874372209873e+04
1.403230468750000000e+03 1.041427957589285688e+04
1.404276367187500000e+03 1.044310171072823687e+04
1.405321289062500000e+03 1.046190966796875000e+04
1.406366210937500000e+03 1.037408972167968750e+04
1.407411132812500000e+03 1.044382925851004438e+04
1.408456054687500000e+03 1.043950156075613813e+04
1.409500976562500000e+03 1.044062288992745562e+04
1.410544921875000000e+03 1.049860464913504438e+04
1.411588867187500000e+03 1.053360857282366123e+04
1.412631835937500000e+03 1.046853319440569248e+04
1.413675781250000000e+03 1.051615707833426313e+04
1.414718750000000000e+03 1.050099764578683062e+04
1.415761718750000000e+03 1.053080700683593750e+04
1.416804687500000000e+03 1.054634518868582563e+04
1.417847656250000000e+03 1.052801371547153940e+04
1.418889648437500000e+03 1.057253078787667437e+04
1.419931640625000000e+03 1.057806862967354937e+04
1.420973632812500000e+03 1.058875600760323687e+04
1.422015625000000000e+03 1.054387632533482065e+04
1.423056640625000000e+03 1.057935926164899502e+04
1.424097656250000000e+03 1.057332889229910688e+04
1.425138671875000000e+03 1.058524933733258877e+04
1.426179687500000000e+03 1.058401260811941938e+04
1.427220703125000000e+03 1.061925362723214312e+04
1.428260742187500000e+03 1.064554586356026812e+04
1.429300781250000000e+03 1.073948337227957563e+04
1.430340820312500000e+03 1.082758842250278940e+04
1.431379882812500000e+03 1.089545118931361685e+04
1.432419921875000000e+03 1.102693262590680752e+04
1.433458984375000000e+03 1.122413860212053623e+04
1.434498046875000000e+03 1.131122920445033560e+04
1.435537109375000000e+03 1.142008360944475498e+04
1.436575195312500000e+03 1.155373483712332563e+04
1.437613281250000000e+03 1.170663579450334873e+04
1.438651367187500000e+03 1.176142963518415127e+04
1.439689453125000000e+03 1.188211895751953125e+04
1.440726562500000000e+03 1.194663454764229937e+04
1.441764648437500000e+03 1.202994902692522373e+04
1.442801757812500000e+03 1.209332884870256748e+04
1.443838867187500000e+03 1.213218518938337002e+04
1.444875000000000000e+03 1.220599919782366123e+04
1.445912109375000000e+03 1.231017609514508877e+04
1.446948242187500000e+03 1.229113103376116123e+04
1.447984375000000000e+03 1.235701933942522373e+04
1.449019531250000000e+03 1.239015337262834873e+04
1.450055664062500000e+03 1.238517342703683062e+04
1.451090820312500000e+03 1.231165035574776812e+04
1.452125976562500000e+03 1.229827907017299185e+04
1.453161132812500000e+03 1.216621978759765625e+04
1.454195312500000000e+03 1.218104043143136187e+04
1.455230468750000000e+03 1.213991020856584873e+04
1.456264648437500000e+03 1.216821262904575815e+04
1.457298828125000000e+03 1.207578768484933062e+04
1.458332031250000000e+03 1.208385253034319248e+04
1.459366210937500000e+03 1.206182177734375000e+04
1.460399414062500000e+03 1.198588034493582563e+04
1.461432617187500000e+03 1.195027906145368252e+04
1.462465820312500000e+03 1.192432755824497690e+04
1.463498046875000000e+03 1.181702201625278940e+04
1.464530273437500000e+03 1.171606284005301313e+04
1.465562500000000000e+03 1.163860106549944248e+04
1.466594726562500000e+03 1.159072807094028940e+04
1.467626953125000000e+03 1.152975812639508877e+04
1.468658203125000000e+03 1.144708372279575815e+04
1.469689453125000000e+03 1.135873230852399502e+04
1.470720703125000000e+03 1.130003068324497690e+04
1.471751953125000000e+03 1.125947217668805752e+04
1.472782226562500000e+03 1.118671186174665127e+04
1.473813476562500000e+03 1.111355894252232065e+04
1.474843750000000000e+03 1.103949253627232065e+04
1.475873046875000000e+03 1.102411363874162998e+04
1.476903320312500000e+03 1.094851195417131748e+04
1.477932617187500000e+03 1.091835845947265625e+04
1.478961914062500000e+03 1.093596690150669565e+04
1.479991210937500000e+03 1.088174229213169565e+04
1.481020507812500000e+03 1.090969356863839312e+04
1.482048828125000000e+03 1.087019709995814810e+04
1.483078125000000000e+03 1.083593775285993252e+04
1.484106445312500000e+03 1.082870589773995562e+04
1.485133789062500000e+03 1.073249732317243252e+04
1.486162109375000000e+03 1.068798776681082563e+04
1.487189453125000000e+03 1.059748724365234375e+04
1.488216796875000000e+03 1.052734735979352627e+04
1.489244140625000000e+03 1.041327460588727627e+04
1.490271484375000000e+03 1.036977954973493252e+04
1.491297851562500000e+03 1.024995660400390625e+04
1.492324218750000000e+03 1.016171248081752310e+04
1.493350585937500000e+03 1.007954043143136187e+04
1.494376953125000000e+03 1.003126872907366123e+04
1.495402343750000000e+03 9.952771894182476899e+03
1.496428710937500000e+03 9.916558750697544383e+03
1.497454101562500000e+03 9.816717851911273101e+03
1.498479492187500000e+03 9.831970075334820649e+03
1.499503906250000000e+03 9.808183183942523101e+03
1.500529296875000000e+03 9.787525669642856883e+03
1.501553710937500000e+03 9.752482221330914399e+03
1.502578125000000000e+03 9.757660513741629984e+03
1.503601562500000000e+03 9.781855119977679351e+03
1.504625976562500000e+03 9.752305681501116851e+03
1.505649414062500000e+03 9.744466360909598734e+03
1.506672851562500000e+03 9.757665570940289399e+03
1.507696289062500000e+03 9.827520010811942484e+03
1.508719726562500000e+03 9.805936479840960601e+03
1.509742187500000000e+03 9.755864257812500000e+03
1.510764648437500000e+03 9.836371163504463766e+03
1.511787109375000000e+03 9.811584769112723734e+03
1.512809570312500000e+03 9.816010131835937500e+03
1.513831054687500000e+03 9.859516540527343750e+03
1.514853515625000000e+03 9.860035103934151266e+03
1.515875000000000000e+03 9.831553362165179351e+03
1.516895507812500000e+03 9.814127624511718750e+03
1.517916992187500000e+03 9.818351353236606883e+03
1.518937500000000000e+03 9.816473179408481883e+03
1.519958984375000000e+03 9.845234235491070649e+03
1.520979492187500000e+03 9.817199506487164399e+03
1.521999023437500000e+03 9.799464242117745016e+03
1.523019531250000000e+03 9.810560764857700633e+03
1.524039062500000000e+03 9.767488002232143117e+03
1.525058593750000000e+03 9.779834899902343750e+03
1.526078125000000000e+03 9.782957868303570649e+03
1.527097656250000000e+03 9.760374197823661234e+03
1.528116210937500000e+03 9.830790178571429351e+03
1.529134765625000000e+03 9.804681431361606883e+03
1.530153320312500000e+03 9.829642883300781250e+03
1.531171875000000000e+03 9.812880440848213766e+03
1.532189453125000000e+03 9.809848449707031250e+03
1.533208007812500000e+03 9.819988037109375000e+03
1.534225585937500000e+03 9.809859104701450633e+03
1.535242187500000000e+03 9.808849138532366851e+03
1.536259765625000000e+03 9.802402631487164399e+03
1.537276367187500000e+03 9.737330008370536234e+03
1.538293945312500000e+03 9.714794921875000000e+03
1.539310546875000000e+03 9.730481610979351899e+03
1.540326171875000000e+03 9.714753461565289399e+03
1.541342773437500000e+03 9.709777718680245016e+03
1.542358398437500000e+03 9.695823547363281250e+03
1.543374023437500000e+03 9.679222141810825633e+03
1.544389648437500000e+03 9.672851361955914399e+03
1.545405273437500000e+03 9.705163931710379984e+03
1.546419921875000000e+03 9.690664637974330617e+03
1.547434570312500000e+03 9.676077008928570649e+03
1.548449218750000000e+03 9.734269505092075633e+03
1.549463867187500000e+03 9.714517551967075633e+03
1.550478515625000000e+03 9.709401245117187500e+03
1.551492187500000000e+03 9.682919948032924367e+03
1.552505859375000000e+03 9.699036987304687500e+03
1.553519531250000000e+03 9.707099940708705617e+03
1.554533203125000000e+03 9.680394958496093750e+03
1.555545898437500000e+03 9.700957371303013133e+03
1.556559570312500000e+03 9.719653852190289399e+03
1.557572265625000000e+03 9.705031520298549367e+03
1.558583984375000000e+03 9.693417375837054351e+03
1.559596679687500000e+03 9.715137084960937500e+03
1.560608398437500000e+03 9.770211321149554351e+03
1.561620117187500000e+03 9.763452671595981883e+03
1.562631835937500000e+03 9.790825674874442484e+03
1.563643554687500000e+03 9.806583469935825633e+03
1.564655273437500000e+03 9.839360508510044383e+03
1.565666015625000000e+03 9.873129664829799367e+03
1.566676757812500000e+03 9.898544398716518117e+03
1.567687500000000000e+03 9.918987984793526266e+03
1.568698242187500000e+03 9.947850943429129984e+03
1.569708007812500000e+03 9.982034484863281250e+03
1.570717773437500000e+03 1.000597753906250000e+04
1.571727539062500000e+03 1.001750816127232065e+04
1.572737304687500000e+03 1.006198266601562500e+04
1.573746093750000000e+03 1.004846996198381748e+04
1.574755859375000000e+03 1.008630296107700815e+04
1.575764648437500000e+03 1.003508325195312500e+04
1.576773437500000000e+03 1.002539822823660688e+04
1.577782226562500000e+03 9.968414716448101899e+03
1.578790039062500000e+03 9.958095842633929351e+03
1.579797851562500000e+03 9.957348720005580617e+03
1.580805664062500000e+03 9.911897312709263133e+03
1.581813476562500000e+03 9.897380475725445649e+03
1.582821289062500000e+03 9.866720764160156250e+03
1.583828125000000000e+03 9.842683122907366851e+03
1.584834960937500000e+03 9.841782802036830617e+03
1.585841796875000000e+03 9.799614937918526266e+03
1.586848632812500000e+03 9.771323320661273101e+03
1.587855468750000000e+03 9.734614624023437500e+03
1.588861328125000000e+03 9.719335170200893117e+03
1.589867187500000000e+03 9.676364179338726899e+03
1.590873046875000000e+03 9.648716526576450633e+03
1.591878906250000000e+03 9.661184186662945649e+03
1.592883789062500000e+03 9.662534484863281250e+03
1.593888671875000000e+03 9.674392386300223734e+03
1.594894531250000000e+03 9.698365809849330617e+03
1.595898437500000000e+03 9.704731262207031250e+03
1.596903320312500000e+03 9.675898690359932516e+03
1.597907226562500000e+03 9.680740007672991851e+03
1.598912109375000000e+03 9.715043971470424367e+03
1.599916015625000000e+03 9.693836669921875000e+03
1.600918945312500000e+03 9.748297982352120016e+03
1.601922851562500000e+03 9.789171500069754984e+03
1.602925781250000000e+03 9.865057625906807516e+03
1.603928710937500000e+03 9.896344961983817484e+03
1.604931640625000000e+03 9.908266636439731883e+03
1.605934570312500000e+03 9.928956996372768117e+03
1.606936523437500000e+03 9.892979884556361867e+03
1.607939453125000000e+03 9.859621320452008149e+03
1.608941406250000000e+03 9.854123735700335601e+03
1.609943359375000000e+03 9.850558279854911234e+03
1.610944335937500000e+03 9.794016985212054351e+03
1.611946289062500000e+03 9.807163033621651266e+03
1.612947265625000000e+03 9.825629499162945649e+03
1.613948242187500000e+03 9.885938589913504984e+03
1.614949218750000000e+03 9.833517203194754984e+03
1.615949218750000000e+03 9.830472603934151266e+03
1.616950195312500000e+03 9.863472290039062500e+03
1.617950195312500000e+03 9.836504298618861867e+03
1.618950195312500000e+03 9.824872950962611867e+03
1.619950195312500000e+03 9.868577096121651266e+03
1.620949218750000000e+03 9.819548052106585601e+03
1.621948242187500000e+03 9.852037152971539399e+03
1.622948242187500000e+03 9.834448521205356883e+03
1.623946289062500000e+03 9.829985831124442484e+03
1.624945312500000000e+03 9.832873622349330617e+03
1.625944335937500000e+03 9.837001020159039399e+03
1.626942382812500000e+03 9.878861755371093750e+03
1.627940429687500000e+03 9.876880109514508149e+03
1.628938476562500000e+03 9.879651410784039399e+03
1.629935546875000000e+03 9.877625610351562500e+03
1.630933593750000000e+03 9.900166983468192484e+03
1.631930664062500000e+03 9.929170270647320649e+03
1.632927734375000000e+03 9.930998238699776266e+03
1.633924804687500000e+03 9.960596880231585601e+03
1.634921875000000000e+03 9.959780299595424367e+03
1.635917968750000000e+03 9.997137372698101899e+03
1.636914062500000000e+03 1.002846214076450815e+04
1.637910156250000000e+03 1.007073389543805752e+04
1.638906250000000000e+03 1.013075389753069248e+04
1.639901367187500000e+03 1.015963546316964312e+04
1.640897460937500000e+03 1.016817722865513315e+04
1.641892578125000000e+03 1.026908389718191938e+04
1.642887695312500000e+03 1.032226409912109375e+04
1.643882812500000000e+03 1.040030689348493252e+04
1.644876953125000000e+03 1.047472997174944248e+04
1.645871093750000000e+03 1.055801950509207563e+04
1.646865234375000000e+03 1.065665437534877310e+04
1.647859375000000000e+03 1.075611666434151812e+04
1.648853515625000000e+03 1.086657811628069248e+04
1.649846679687500000e+03 1.098148482840401812e+04
1.650840820312500000e+03 1.108663562011718750e+04
1.651833984375000000e+03 1.113923830740792437e+04
1.652827148437500000e+03 1.122177581787109375e+04
1.653819335937500000e+03 1.129940040806361685e+04
1.654812500000000000e+03 1.136641436767578125e+04
1.655804687500000000e+03 1.142493171909877310e+04
1.656796875000000000e+03 1.146255560302734375e+04
1.657789062500000000e+03 1.149187513950892935e+04
1.658780273437500000e+03 1.145294116210937500e+04
1.659772460937500000e+03 1.147332244001116123e+04
1.660763671875000000e+03 1.145779595075334873e+04
1.661754882812500000e+03 1.143031554303850498e+04
1.662746093750000000e+03 1.137197266496930752e+04
1.663736328125000000e+03 1.132189154052734375e+04
1.664727539062500000e+03 1.124863133893694248e+04
1.665717773437500000e+03 1.119562769426618252e+04
1.666708007812500000e+03 1.117705947440011187e+04
1.667698242187500000e+03 1.109763692801339312e+04
1.668687500000000000e+03 1.102180725969587002e+04
1.669677734375000000e+03 1.097054393659319248e+04
1.670666992187500000e+03 1.095920733642578125e+04
1.671656250000000000e+03 1.091800137765066938e+04
1.672644531250000000e+03 1.085349936349051313e+04
1.673633789062500000e+03 1.075846851457868252e+04
1.674622070312500000e+03 1.071510651506696377e+04
1.675610351562500000e+03 1.062935705566406250e+04
1.676598632812500000e+03 1.058110579136439810e+04
1.677586914062500000e+03 1.047391149902343750e+04
1.678575195312500000e+03 1.042163883754185190e+04
1.679562500000000000e+03 1.033032513427734375e+04
1.680549804687500000e+03 1.024515754045758877e+04
1.681537109375000000e+03 1.021683435058593750e+04
1.682524414062500000e+03 1.017198704310825815e+04
1.683510742187500000e+03 1.011645902797153940e+04
1.684497070312500000e+03 1.005446747698102627e+04
1.685483398437500000e+03 9.965429861886161234e+03
1.686469726562500000e+03 9.924005057198661234e+03
1.687456054687500000e+03 9.867749938964843750e+03
1.688442382812500000e+03 9.827583888462611867e+03
1.689427734375000000e+03 9.733819728306361867e+03
1.690413085937500000e+03 9.678116960797991851e+03
1.691398437500000000e+03 9.652876935686383149e+03
1.692382812500000000e+03 9.562326721191406250e+03
1.693368164062500000e+03 9.507767456054687500e+03
1.694352539062500000e+03 9.430055262974330617e+03
1.695336914062500000e+03 9.399543657575335601e+03
1.696321289062500000e+03 9.290337489536830617e+03
1.697305664062500000e+03 9.240539001464843750e+03
1.698289062500000000e+03 9.188119358607700633e+03
1.699273437500000000e+03 9.079724687848773101e+03
1.700256835937500000e+03 9.070460344587054351e+03
1.701239257812500000e+03 9.009789725167411234e+03
1.702222656250000000e+03 8.981367606026786234e+03
1.703206054687500000e+03 8.890345162527901266e+03
1.704188476562500000e+03 8.832873700823101899e+03
1.705170898437500000e+03 8.793225673130580617e+03
1.706153320312500000e+03 8.740749956403460601e+03
1.707134765625000000e+03 8.701611650739398101e+03
1.708117187500000000e+03 8.681449288504463766e+03
1.709098632812500000e+03 8.633665754045758149e+03
1.710080078125000000e+03 8.641265162876674367e+03
1.711061523437500000e+03 8.598893240792411234e+03
